bestOverallIndividual.Chromosome = [
4 3 1 2;
2 2 3 3;
1 2 8 2;
4 2 7 8;
4 3 7 1;
1 3 5 3;
2 2 4 5;
2 2 7 3;
3 3 7 4;
1 3 2 4;
3 2 3 2;
4 3 3 4;
2 2 2 3;
1 2 2 8;
3 3 1 3;
1 2 1 7;
1 1 2 2;
3 1 1 8;
1 1 4 8;
1 1 2 3;
3 3 7 3;
3 1 1 1;
3 1 2 1;
1 1 1 3;
1 3 7 1;
4 3 7 3;
1 1 3 2;
1 3 5 4;
4 2 4 5;
4 3 4 1;
2 2 4 2;
4 1 4 3;
1 1 8 8;
3 2 2 6;
1 2 4 1;
1 2 1 4;
4 1 3 2;
2 3 6 2;
4 3 6 4;
];
bestOverallIndividual.Fitness = 12.704374;
bestOverallIndividual.ChromosomeLength = 156;
