function bestChromosome = BestChromosome()
bestChromosome = [
  0.81675403360007636788,
  0.00000000000000000000,
  0.01420432624505640895,
  0.90410415075780226069,
  0.28037184466988895881,
  0.91607081861703043568,
  1.00000000000000000000,
  0.26923778050140656504,
  0.00000000000000000000,
  0.59295063680115034366,
  1.00000000000000000000,
  0.93744264838814017615,
  0.23708957963198656893,
  0.67104022807931174022,
  0.40544913692615258682,
  0.61970608086610512455,
  0.00000000000000000000,
  0.21164258347563361107,
  0.78966386793583209780,
  0.85806987749072793914,
  0.42720949333537638903,
  0.40073692184663672888,
  0.00000000000000000000,
  0.43706852044736754781,
  0.97247430457214467658,
  0.10253638694945697851,
  0.62719864283788251402,
  0.51243091456121292460,
  0.98787662190087932590,
  0.94872247375521090440,
  0.40722903208456950885,
  0.99656714025275472402,
  0.67296144090828946549,
  1.00000000000000000000,
  0.91598572428769831077,
  0.01916724923307153855,
  0.38161519555103423640,
  0.23560421968787795266,
  0.23664256154801704968,
  0.84077793108256582144,
  0.23151776410768643011,
  0.24177868299087670878,
  0.32359189365976720465,
  0.45854808790034540245
];
end 
